1	0	2884686000	999884901.7	0.000011645	0	2500000	3
2	0	2886568000	999881245.6	0.00014613	0	2500000	3
3	0	2889658000	999896476.7	0.00044413	0	2500000	3
4	0	2893892000	999886117.8	0.000423355	0	2500000	3
5	0	2899175000	999827526.7	0.0012908	0	2500000	3
6	0	2905392000	999841950.5	0.0006099	0	2500000	3
7	0	2912404000	999748435.9	0.00429965	0	2500000	3
8	0	2920052000	999735561.8	0.000253375	0	2500000	3
9	0	2928159000	999705819.5	0.0088725	0	2500000	3
10	0	2936533000	999466030.9	0.0006831	0	2500000	3
11	0	2944972000	999311545.4	0.0185755	0	2500000	3
12	0	2953267000	999152680.2	0.0131645	0	2500000	3
13	0	2961211000	998983560.6	0.0304375	0	2500000	3
14	0	2968595000	998825069	0.0948	0	2500000	3
15	0	2975226000	998675000.4	0.05312	0	2500000	3
16	0	2980924000	998454393.1	0.7241	0	2500000	3
17	0	2985538000	998387035.7	0.08415	0	2500000	3
18	0	2988938000	998412753.3	10.0097	0	2500000	3
19	0	2991061000	998700531.9	0.3583	0	2500000	3
20	0	2991991000	999418604.7	1007.46	0	2500000	3
161	0	5113051000	30589.10935	0.00011558	0	2500000	3
162	0	5117325000	7682.943804	0.016388	0	2500000	3
163	0	5124342000	7.667999944	0.00058775	0	2500000	3
164	0	5133942000	7.632999944	0.06496	0	2500000	3
165	0	5145924000	1337.998292	0.012541	0	2500000	3
166	0	5160042000	956.6991258	0.16019	0	2500000	3
167	0	5176022000	729.5994908	0.09777	0	2500000	3
168	0	5193566000	585.4996715	0.268265	0	2500000	3
169	0	5212358000	490.5997689	0.5734	0	2500000	3
170	0	5232076000	427.7998239	0.215715	0	2500000	3
171	0	5252401000	387.8998548	2.2715	0	2500000	3
172	0	5273025000	366.6998699	0.020041	0	2500000	3
173	0	5293641000	367.2998691	6.5206	0	2500000	3
174	0	5313935000	383.099857	4.12705	0	2500000	3
175	0	5333546000	427.8998209	17.4825	0	2500000	3
176	0	5352025000	520.9997331	138.5	0	2500000	3
177	0	5368816000	709.0995031	176.52	0	2500000	3
178	0	5383203000	1132.998724	49.738	0	2500000	3
181	0	5394401000	2359.994437	0.0009243	0	2500000	3
184	0	5401565000	9009.918593	1.82835	0	2500000	3
197	0	5485024000	1624883820	1.10405E-06	0	2500000	3
198	0	5485634000	1572135547	1.9665E-06	0	2500000	3
199	0	5486643000	1409706203	7.1065E-07	0	2500000	3
200	0	5488014000	1278427733	1.23335E-06	0	2500000	3
203	0	5489727000	1455279934	0.000000509	0	2500000	3
204	0	5491732000	1495667517	1.98355E-06	0	2500000	3
205	0	5493990000	1072647625	2.8808E-07	0	2500000	3
206	0	5496436000	1651429659	2.0387E-06	0	2500000	3
207	0	5499018000	1665939941	9.2105E-07	0	2500000	3
208	0	5501668000	1487526737	1.2485E-07	0	2500000	3
209	0	5504319000	1490096588	7.617E-08	0	2500000	3
210	0	5506901000	1579616353	3.07885E-06	0	2500000	3
213	0	5509341000	1719219958	1.40545E-06	0	2500000	3
214	0	5511573000	1618897054	1.30135E-06	0	2500000	3
215	0	5513524000	1492089303	3.17535E-07	0	2500000	3
216	0	5515133000	1397171361	1.8734E-06	0	2500000	3
217	0	5516332000	1050843012	1.7281E-06	0	2500000	3
218	0	5517081000	1650462380	3.5333E-07	0	2500000	3
221	0	5528158000	1605986183	3.9332E-08	0	2500000	3
222	0	5528168000	1340823175	3.02615E-06	0	2500000	3
21	1	3388911000	6750341.235	6.3415	0	2500000	3
22	1	3388922000	6733693.323	6.3415	90	2500000	3
23	1	3394697000	1552309.278	16.0595	0	2500000	3
24	1	3394705000	1550320.038	16.0595	90	2500000	3
25	1	3404279000	591967.3642	97.67	0	2500000	3
26	1	3404284000	591368.7885	97.67	90	2500000	3
27	1	3417553000	266892.7625	65.325	0	2500000	3
28	1	3417559000	266593.0966	65.325	90	2500000	3
29	1	3434402000	126876.0568	302.05	0	2500000	3
30	1	3434407000	126776.0835	302.05	90	2500000	3
31	1	3454641000	59904.73638	601.6	0	2500000	3
32	1	3454645000	59894.7376	601.6	90	2500000	3
33	1	3478050000	26798.9631	163.45	0	2500000	3
34	1	3478054000	26788.96339	163.45	90	2500000	3
35	1	3504295000	10719.83695	1640.5	0	2500000	3
36	1	3504303000	10709.83742	1640.5	90	2500000	3
37	1	3532687000	4307.974188	6.355	0	2500000	3
38	1	3532690000	4310.974137	6.355	90	2500000	3
39	1	3559471000	818.9990943	2429.15	0	2500000	3
40	1	3559477000	818.8990942	2429.15	90	2500000	3
41	1	3571185000	49.32999682	1002.15	0	2500000	3
42	1	3571188000	49.32999682	1002.15	90	2500000	3
43	1	3579486000	43.77999749	145.1	0	2500000	3
44	1	3579490000	43.77999749	145.1	90	2500000	3
45	1	3604677000	36.65999823	4763.5	0	2500000	3
46	1	3604682000	36.65999823	4763.5	90	2500000	3
47	1	3639236000	409.4997824	1152.675	0	2500000	3
48	1	3639238000	409.2997827	1152.675	90	2500000	3
49	1	3676344000	350.0998447	25530	0	2500000	3
50	1	3676354000	349.8998445	25530	90	2500000	3
51	1	3714723000	314.7998769	3706.5	0	2500000	3
52	1	3714725000	314.7998769	3706.5	90	2500000	3
53	1	3753427000	288.7998985	429372	0	2500000	3
54	1	3753429000	288.6998985	429372	90	2500000	3
55	1	3791047000	268.099914	586350	0	2500000	3
56	1	3791051000	267.999914	586350	90	2500000	3
57	1	3824988000	251.499925	72010	0	2500000	3
58	1	3824995000	251.499925	72010	90	2500000	3
59	1	3852790000	240.0999325	8959.2	0	2500000	3
60	1	3852795000	240.0999325	8959.2	90	2500000	3
61	1	3877877000	13.81999978	17520.38	0	2500000	3
62	1	3877882000	13.81999978	17520.38	90	2500000	3
63	1	3907324000	13.28999981	1566.49	0	2500000	3
64	1	3907331000	13.28999981	1566.49	90	2500000	3
65	1	3942602000	12.81999983	11861.92	0	2500000	3
66	1	3942607000	12.81999983	11861.92	90	2500000	3
67	1	3982988000	206.299961	1009.7	0	2500000	3
68	1	3982991000	206.299961	1009.7	90	2500000	3
69	1	4009369000	241.9999258	15078.105	0	2500000	3
70	1	4009372000	241.9999258	15078.105	90	2500000	3
71	1	4052041000	370.9998621	374.8	0	2500000	3
72	1	4052043000	370.9998622	374.8	90	2500000	3
73	1	4087667000	383.2998566	10875.5	0	2500000	3
74	1	4087668000	383.1998566	10875.5	90	2500000	3
75	1	4120938000	415.9998349	8137.5	0	2500000	3
76	1	4120939000	415.9998349	8137.5	90	2500000	3
77	1	4151719000	461.2998014	6549.5	0	2500000	3
78	1	4151721000	461.2998013	6549.5	90	2500000	3
79	1	4179853000	518.4997541	31696.5	0	2500000	3
80	1	4179854000	518.4997542	31696.5	90	2500000	3
81	1	4205239000	588.5996891	631.75	0	2500000	3
82	1	4205240000	588.4996892	631.75	90	2500000	3
83	1	4227864000	672.6996008	199550	0	2500000	3
84	1	4227867000	672.7996008	199550	90	2500000	3
85	1	4247785000	772.4994818	508050	0	2500000	3
86	1	4247787000	772.5994819	508050	90	2500000	3
87	1	4265120000	889.4993226	331655	0	2500000	3
88	1	4265123000	889.5993227	331655	90	2500000	3
89	1	4280035000	1025.99911	27510	0	2500000	3
90	1	4280037000	1025.999111	27510	90	2500000	3
91	1	4292725000	1182.998831	13532.5	0	2500000	3
92	1	4292726000	1182.998831	13532.5	90	2500000	3
93	1	4303395000	1367.998452	9396	0	2500000	3
94	1	4303396000	1366.998455	9396	90	2500000	3
95	1	4312255000	1587.997932	1907.975	0	2500000	3
96	1	4312256000	1588.99793	1907.975	90	2500000	3
97	1	4319505000	1868.997157	3370.5	0	2500000	3
98	1	4319507000	1869.997155	3370.5	90	2500000	3
99	1	4325323000	2266.995844	266.5	0	2500000	3
100	1	4325324000	2267.995841	266.5	90	2500000	3
101	1	4329867000	2930.99309	1217	0	2500000	3
102	1	4329869000	2931.993087	1217	90	2500000	3
103	1	4333264000	4310.985114	19.388	0	2500000	3
104	1	4333266000	4312.985105	19.388	90	2500000	3
105	1	4335619000	8246.94569	339.85	0	2500000	3
106	1	4335621000	8254.945611	339.85	90	2500000	3
107	1	4337004000	29579.30255	1.711	0	2500000	3
108	1	4337006000	29619.30099	1.711	90	2500000	3
179	1	5392306000	33619.13169	1.418	0	2500000	3
180	1	5392326000	33489.13826	1.418	90	2500000	3
182	1	5397914000	8596.942849	5.07	0	2500000	3
183	1	5397929000	8572.943163	5.07	90	2500000	3
185	1	5407024000	3965.987694	51.14	0	2500000	3
186	1	5407031000	3960.987731	51.14	90	2500000	3
187	1	5419257000	2356.995588	4.007	0	2500000	3
188	1	5419265000	2354.995599	4.007	90	2500000	3
189	1	5434152000	1623.997868	254.36	0	2500000	3
190	1	5434161000	1622.99787	254.36	90	2500000	3
191	1	5451125000	1237.998736	13.55	0	2500000	3
192	1	5451134000	1237.998736	13.55	90	2500000	3
193	1	5469534000	1020.999122	520.9	0	2500000	3
194	1	5469541000	1019.999124	520.9	90	2500000	3
201	1	5488699000	897.4993075	26.92	0	2500000	3
202	1	5488711000	897.9993073	26.92	90	2500000	3
211	1	5507986000	897.4992942	308.25	0	2500000	3
212	1	5507989000	897.9992929	308.25	90	2500000	3
219	1	5526854000	836.4993757	494.25	0	2500000	3
220	1	5526869000	835.8993762	494.25	90	2500000	3
223	1	5544984000	819.9993892	19.755	0	2500000	3
224	1	5544988000	819.3993899	19.755	90	2500000	3
225	1	5562230000	843.8993403	38.17	0	2500000	3
226	1	5562241000	844.0993399	38.17	90	2500000	3
227	1	5578596000	916.7992037	72.65	0	2500000	3
228	1	5578614000	915.8992052	72.65	90	2500000	3
235	1	5594058000	1053.998921	2440	0	2500000	3
236	1	5594064000	1054.99892	2440	90	2500000	3
241	1	5608404000	1285.998353	145.805	0	2500000	3
242	1	5608408000	1286.998351	145.805	90	2500000	3
247	1	5621375000	1691.997081	15415.5	0	2500000	3
248	1	5621378000	1692.997078	15415.5	90	2500000	3
251	1	5632683000	2455.993714	10373.5	0	2500000	3
252	1	5632690000	2457.993703	10373.5	90	2500000	3
255	1	5642105000	4129.981898	102935	0	2500000	3
256	1	5642112000	4128.981911	102935	90	2500000	3
259	1	5649492000	4129.981619	600750	0	2500000	3
260	1	5649501000	4128.981633	600750	90	2500000	3
263	1	5654782000	8937.91294	447950	0	2500000	3
264	1	5654794000	8923.913238	447950	90	2500000	3
265	1	5657948000	34808.67005	22148.5	0	2500000	3
266	1	5657959000	34888.66406	22148.5	90	2500000	3
115	2	4970628000	1013596486	1190.936314	0	250000	3
116	2	4970630000	1013500070	1190.936314	45	250000	3
117	2	4972199000	1015507288	820413.5408	0	250000	3
118	2	4972201000	1016083193	820413.5408	45	250000	3
119	2	4974796000	1018934076	199828.7009	0	250000	3
120	2	4974798000	1018935981	199828.7009	45	250000	3
121	2	4978365000	1023435847	7311059.9	0	250000	3
122	2	4978367000	1023985517	7311059.9	45	250000	3
125	2	4982857000	1029500313	4002146.186	0	250000	3
126	2	4982860000	1029250359	4002146.186	45	250000	3
127	2	4988186000	1036926985	166252248.9	0	250000	3
128	2	4988189000	1036592657	166252248.9	45	250000	3
133	2	4994264000	1044633928	324885025.4	0	250000	3
134	2	4994266000	1045732027	324885025.4	45	250000	3
135	2	5000971000	1055833613	71629151.85	0	250000	3
136	2	5000973000	1054440239	71629151.85	45	250000	3
137	2	5008180000	1067569949	11434287.69	0	250000	3
138	2	5008183000	1064479156	11434287.69	45	250000	3
139	2	5015746000	1079900144	10056990.83	0	250000	3
140	2	5015747000	1075909125	10056990.83	45	250000	3
141	2	5023499000	1092831705	5299371.478	0	250000	3
142	2	5023501000	1089292193	5299371.478	45	250000	3
143	2	5031260000	1109031528	4411910.367	0	250000	3
144	2	5031262000	1102145626	4411910.367	45	250000	3
145	2	5038837000	1124883624	3397924.204	0	250000	3
146	2	5038840000	1116938351	3397924.204	45	250000	3
147	2	5046032000	1135141010	1563565.914	0	250000	3
148	2	5046034000	1139225373	1563565.914	45	250000	3
149	2	5052641000	1158197605	2087549.664	0	250000	3
150	2	5052643000	1149981703	2087549.664	45	250000	3
151	2	5058473000	1176548294	459464.7721	0	250000	3
152	2	5058477000	1166088279	459464.7721	45	250000	3
153	2	5063364000	1192134550	642346.3842	0	250000	3
154	2	5063368000	1185783264	642346.3842	45	250000	3
155	2	5067196000	1209392743	35858.66871	0	250000	3
156	2	5067200000	1202179587	35858.66871	45	250000	3
157	2	5069905000	1223079005	476802.7951	0	250000	3
158	2	5069909000	1219092595	476802.7951	45	250000	3
159	2	5071504000	1232710543	666.5278631	0	250000	3
160	2	5071508000	1231392142	666.5278631	45	250000	3
229	2	5583132000	750200252.7	50.87701985	0	250000	3
230	2	5583149000	670483891.7	50.87701985	45	250000	3
231	2	5585551000	628440588.2	295.0900799	0	250000	3
232	2	5585564000	702642620.6	295.0900799	45	250000	3
233	2	5589472000	716607040.5	0.001103425	0	250000	3
234	2	5589479000	705003809.1	0.001103425	45	250000	3
237	2	5594750000	348436661.9	1204.836782	0	250000	3
238	2	5594765000	897150539	1204.836782	45	250000	3
239	2	5601207000	472800899.8	5653.167671	0	250000	3
240	2	5601218000	506722038.6	5653.167671	45	250000	3
243	2	5608622000	335854008.5	5239.67892	0	250000	3
244	2	5608633000	336592461.8	5239.67892	45	250000	3
245	2	5616766000	237567935.2	213.0914518	0	250000	3
246	2	5616775000	244743578.5	213.0914518	45	250000	3
249	2	5625398000	187873216.9	48.96327068	0	250000	3
250	2	5625410000	185697277.7	48.96327068	45	250000	3
253	2	5634291000	144799389.1	20501.68806	0	250000	3
254	2	5634305000	145479873.2	20501.68806	45	250000	3
257	2	5643219000	116675018.1	521254.4884	0	250000	3
258	2	5643230000	111353953.5	521254.4884	45	250000	3
261	2	5651970000	91112573.75	542695.4547	0	250000	3
262	2	5651976000	89669985.59	542695.4547	45	250000	3
267	2	5660339000	73555160.01	1974998.572	0	250000	3
268	2	5660344000	73491339.51	1974998.572	45	250000	3
269	2	5668144000	62350351.59	492339.0403	0	250000	3
270	2	5668154000	62323430.43	492339.0403	45	250000	3
271	2	5675225000	55398311.64	3000888.603	0	250000	3
272	2	5675234000	55343280.42	3000888.603	45	250000	3
273	2	5681428000	55229495.76	4559016.772	0	250000	3
274	2	5681437000	55220377.99	4559016.772	45	250000	3
275	2	5686606000	55265455.89	26653164.54	0	250000	3
276	2	5686612000	55256920.28	26653164.54	45	250000	3
277	2	5690602000	72727826.17	145009041.2	0	250000	3
278	2	5690611000	72709069.12	145009041.2	45	250000	3
279	2	5693205000	169825713.7	90283937.85	0	250000	3
280	2	5693216000	169659511.8	90283937.85	45	250000	3
281	2	5701057000	4438476.716	116725644.3	0	250000	3
282	2	5701066000	4424569.268	116725644.3	45	250000	3
283	2	5701072000	4436492.895	1384492.287	0	250000	3
284	2	5701082000	4421585.949	1384492.287	45	250000	3
