6	0	1276351000	44067741.69	0.00060283	0	2500000	3
7	0	1278428000	11423817.46	0.00012988	0	2500000	3
8	0	1281625000	5344278.647	0.00526	0	2500000	3
9	0	1285571000	3227914.475	0.00032689	0	2500000	3
10	0	1289802000	2267971.042	0.0142835	0	2500000	3
11	0	1293808000	1769374.017	0.0004496	0	2500000	3
12	0	1297096000	1497551.728	0.0398645	0	2500000	3
13	0	1299253000	1351634.912	2.43515E-05	0	2500000	3
14	0	1299996000	2597649.742	507.32	0	2500000	3
75	0	2378580000	314481.5453	0.06481	0	2500000	3
76	0	2383472000	89008.52203	0.13597	0	2500000	3
77	0	2391319000	48119.56794	0.6426	0	2500000	3
78	0	2401647000	34879.7726	0.5316	0	2500000	3
79	0	2413724000	29939.83185	2.3417	0	2500000	3
80	0	2426499000	28209.84994	2.25605	0	2500000	3
81	0	2438564000	28079.8504	9.88885	0	2500000	3
82	0	2448224000	30499.82235	70.6295	0	2500000	3
83	0	2453902000	52229.4754	74.0535	0	2500000	3
100	0	2486837000	49010164.33	1.33075E-06	0	2500000	3
107	0	2496911000	4996286387	1.77305E-08	0	2500000	3
108	0	2497511000	2259750484	9.559E-09	0	2500000	3
109	0	2498412000	1525101025	1.29915E-07	0	2500000	3
110	0	2499483000	1080965350	1.6176E-08	0	2500000	3
111	0	2500569000	1133816407	1.82925E-08	0	2500000	3
113	0	2501509000	1360448452	1.1547E-08	0	2500000	3
115	0	2502152000	3318094488	9.401E-09	0	2500000	3
116	0	2505682000	12084150.47	1.06445E-06	0	2500000	3
131	0	2675578000	106798.4898	0.0314325	0	2500000	3
132	0	2681721000	37359.81522	0.50155	0	2500000	3
133	0	2692247000	26979.90369	0.282095	0	2500000	3
134	0	2706296000	26619.90656	0.21627	0	2500000	3
135	0	2722333000	31299.87187	0.37468	0	2500000	3
136	0	2738646000	42259.76942	0.020125	0	2500000	3
137	0	2753582000	67469.42157	0.194665	0	2500000	3
138	0	2765621000	140897.5173	0.0007788	0	2500000	3
139	0	2773462000	539664.0135	0.0236595	0	2500000	3
15	1	1620693000	337968.5403	54.695	-65.03265169	1952730	2.055555556
16	1	1620705000	630590.3253	54.38	23.13555817	1952730	2.055555556
17	1	1628219000	101897.1967	691.75	-71.69312539	2106758	3.002377622
18	1	1628265000	144894.3241	694.85	18.13950005	2106758	3.002377622
19	1	1640950000	53019.26207	152.245	-75.57724076	2407432	1.653543307
20	1	1641043000	64018.9236	147.98	12.72505153	2407432	1.653543307
21	1	1658669000	32499.73235	3788.2	-81.84637926	2406699	5.567282322
22	1	1658817000	37999.63381	3830.9	7.901672744	2406699	5.567282322
23	1	1680737000	21439.88799	132	94.55508508	2062530	2.101886792
24	1	1680940000	26529.82849	171.848	5.357217544	2062530	2.101886792
25	1	1706143000	14929.94787	49255.25	-85.71288282	1735137	2.245098039
26	1	1706392000	20389.90286	50163.8	4.197886308	1735137	2.245098039
27	1	1733559000	10899.97331	79353.9	-85.90885825	1320773	2.671626506
28	1	1733838000	16599.93815	78941.05	4.035957104	1320773	2.671626506
29	1	1761393000	8193.985378	12584.1	-85.9072996	1445642	2.80379562
30	1	1761690000	13759.95885	12015.9	4.706599892	1445642	2.80379562
31	1	1788582000	4585.995552	6485.25	-83.41641318	1550135	1.878395062
32	1	1788994000	8123.986114	6649.4	7.022837176	1550135	1.878395062
33	1	1799231000	6018.991445	3806.13	-86.56925611	2990000	1.921150442
34	1	1799559000	11329.96982	3671.705	4.846171456	2990000	1.921150442
35	1	1837445000	19599.93784	2312.75	-79.46934459	2386873	1.325612245
36	1	1837512000	37909.76729	2345.3	10.69682609	2386873	1.325612245
37	1	1853060000	17099.95132	1735	-74.78495737	1349738	3.568304094
38	1	1853126000	33789.8099	1762.85	15.30667353	1349738	3.568304094
39	1	1865452000	20039.93312	32732	-71.72964145	836426	6.26
40	1	1865504000	40439.72769	33070	18.5156502	836426	6.26
41	1	1874535000	25969.88813	44640	-67.77793968	1267094	3.701550388
42	1	1874572000	54059.51536	44585	22.20896586	1267094	3.701550388
43	1	1880841000	35879.78724	9683.5	-64.31954564	1716837	3.993505155
44	1	1880867000	77439.00912	9542.5	25.37535122	1716837	3.993505155
45	1	1884973000	54459.51112	401.8	-64.00246287	1837634	3.902407407
46	1	1884990000	119797.6347	418.5	26.41930831	1837634	3.902407407
47	1	1887463000	101598.3015	887.5	-62.36038317	2112095	8.180594059
48	1	1887472000	229091.3641	888.5	27.06957237	2112095	8.180594059
49	1	1888741000	345880.3321	33.101	-71.50484115	2029395	5.945731707
50	1	1888743000	800794.5623	36.775	21.07457707	2029395	5.945731707
90	1	2475393000	13.22999997	84.812	78.25872903	2500000	3
91	1	2475491000	1420.999627	80.58	-10.10387861	2500000	3
98	1	2486093000	13.19999997	20.3255	65.95088887	2500000	3
99	1	2486352000	11.92999997	25.817	-16.70053878	2500000	3
112	1	2501270000	573.4999369	877.5	73.00114025	2500000	3
114	1	2501560000	434.9999636	873.5	-16.32324906	2500000	3
117	1	2518334000	272.5999854	179.625	61.64175292	2500000	3
118	1	2518510000	350.5999757	193.49	-21.60824787	2500000	3
119	1	2535154000	310.5999804	2039.5	30.60058696	2500000	3
120	1	2535250000	247.7999876	2094.5	-59.15811339	2500000	3
121	1	2550331000	357.3999734	2564.6	8.114768727	2500000	3
122	1	2550443000	289.9999825	2666	-81.40828497	2500000	3
123	1	2562928000	518.1999428	2703.135	5.588487176	2500000	3
124	1	2563033000	421.1999623	2635.645	-84.80058835	2500000	3
125	1	2572074000	1012.999778	45289.5	9.522441399	2500000	3
126	1	2572142000	816.8998557	47170	-80.37006598	2500000	3
127	1	2579044000	3716.996975	47545	21.13276926	2500000	3
128	1	2579325000	2982.998055	45240	-69.05696613	2500000	3
129	1	2585318000	3716.996969	32403	-20.03455098	2500000	3
130	1	2585581000	2982.998051	30994.5	70.13314204	2500000	3
53	2	2287895000	542149.4734	1793678.56	-27.5852182	250000	3
54	2	2287901000	724309.8409	1703309.693	17.2952112	250000	3
55	2	2297295000	6349790.438	1594831.049	-40.50263079	250000	3
56	2	2297296000	18449016.15	1497717.246	4.630932522	250000	3
57	2	2299389000	1606543.092	6646362.999	-42.32719963	250000	3
58	2	2299392000	5313000.348	6172104.207	5.585527695	250000	3
59	2	2302523000	739904.3701	2190455.314	45	250000	3
60	2	2302529000	2741686.889	2573311.319	0	250000	3
61	2	2306285000	1748474.032	19098.47498	45	250000	3
62	2	2306299000	1748474.629	31239.02596	0	250000	3
63	2	2310189000	330381.2637	115413.4567	45	250000	3
64	2	2310240000	330381.5786	320259.3325	0	250000	3
66	2	2313885000	314683.5865	25312.5	0	250000	3
67	2	2313914000	1291720.905	20733.17898	45	250000	3
68	2	2316815000	439468.5127	65837.03863	19.47038217	250000	3
69	2	2316822000	1810464.868	52262.16426	-25.46411108	250000	3
70	2	2318712000	1310723.318	3252.858458	18.7183263	250000	3
71	2	2318714000	5310454.169	4591.505183	-25.00809922	250000	3
84	2	2471800000	3388964.4	1231.668953	45	250000	3
85	2	2471800000	1287706.241	2471.623251	0	250000	3
86	2	2472785000	1287708.64	106752.3528	-25.40816792	250000	3
87	2	2472786000	2075243.205	155344.9243	20.85664382	250000	3
88	2	2474868000	2075253.302	2183.325557	45	250000	3
89	2	2474869000	1215743.801	3114.613802	0	250000	3
92	2	2477858000	1532600.164	253836.0613	-23.8665653	250000	3
93	2	2477859000	1182761.894	263035.546	20.43823715	250000	3
94	2	2481323000	1810453.354	1629.531478	-25.33914481	250000	3
95	2	2481324000	1492628.485	1297.587861	18.97668462	250000	3
96	2	2484801000	4311960.233	537709.8064	-24.56902922	250000	3
97	2	2484802000	2256168.109	554046.0962	19.86888292	250000	3
101	2	2487893000	4818271.691	63855.22004	-24.40934776	250000	3
102	2	2487893000	3041514.894	63114.09106	22.03376718	250000	3
103	2	2490296000	4942131.701	2743112.749	-23.59991839	250000	3
104	2	2490296000	6184940.44	3134966.431	21.37029679	250000	3
105	2	2491810000	47828403.73	6652725.325	-21.98842271	250000	3
106	2	2491811000	22589664.34	7298744.986	23.50572304	250000	3
